100
66 90
70 83
44 85
9 89
12 17
97 33
90 7
79 56
85 71
9 10
67 15
10 8
47 98
37 33
94 50
28 3
25 5
23 67
15 47
56 12
31 40
62 68
33 32
44 69
88 46
95 63
35 66
42 98
25 61
12 55
50 72
98 36
63 55
83 100
51 75
1 34
47 6
3 22
45 61
75 47
83 76
9 86
72 45
57 65
1 88
71 59
41 99
93 40
21 56
55 41
7 42
39 8
4 18
57 22
39 49
43 29
64 48
85 34
6 89
42 13
64 37
9 88
54 90
59 30
50 41
26 1
44 80
68 2
71 12
75 12
75 55
38 61
1 86
53 88
25 14
27 29
9 78
82 94
43 38
20 15
46 53
92 55
2 23
37 81
98 34
3 90
37 40
91 100
78 90
82 63
38 29
30 40
58 51
44 65
51 27
20 70
48 81
61 23
12 78
80 100
76 99
40 10
7 96
66 96
21 38
47 54
37 2
22 66
18 98
47 92
41 14
88 66
2 86
89 51
24 11
59 73
96 16
72 86
98 59
88 93
8 44
24 97
15 92
75 5
54 40
18 44
75 45
80 25
52 54
69 17
42 8
94 59
81 94
31 24
88 94
56 65
24 43
14 50
83 21
56 37
2 64
15 42
53 45
40 46
82 1
59 5
91 58
51 41
58 18
32 27
63 22
86 44
82 87
69 10
83 7
9 82
80 27
86 98
36 93
2 11
79 11
43 92
57 63
97 46
14 54
88 20
32 62
68 31
54 99
90 45
85 10
50 43
80 28
53 32
11 99
83 19
55 24
18 45
10 71
94 71
88 68
100 7
18 34
18 99
76 84
76 47
100 66
50 77
54 61
40 66
28 67
100 76
38 88
13 57
12 80
35 8
30 2
46 57
44 52
46 29
